-------------------------------------------------------------------------------
                                 COLOR TABLE
COLOR                | RED  | GREEN | BLUE | NUMBER
-------------------------------------------------------------------------------
def.background       | 1.00 | 1.00  | 1.00 |  0       (DEFAULT BACKGROUND)
def.foreground       | 0.00 | 0.00  | 0.00 |  1       (DEFAULT FOREGROUND)
c38                  | 0.50 | 0.50  | 1.00 | 38
c34                  | 0.50 | 1.00  | 0.50 | 34
c30                  | 1.00 | 1.00  | 0.50 | 30
c66                  |1.00  |0.50   |1.00  | 66
c62                  |1.00  |0.50   |0.50  | 62
light.gray           | 0.75 | 0.75  | 0.75 |  2
lmed.gray            | 0.65 | 0.65  | 0.65 |  3
med.gray             | 0.50 | 0.50  | 0.50 |  4
dark.gray            | 0.25 | 0.25  | 0.25 |  5
red                  | 1.00 | 0.00  | 0.00 |  6
orange               | 1.00 | 0.60  | 0.00 |  7
yellow               | 1.00 | 1.00  | 0.00 |  8
green                | 0.00 | 1.00  | 0.00 |  9
blue                 | 0.00 | 0.00  | 1.00 | 10
violet               | 0.50 | 0.00  | 0.50 | 11
light.red            | 1.00 | 0.50  | 0.50 | 12
light.orange         | 1.00 | 0.85  | 0.60 | 13
light.yellow         | 1.00 | 1.00  | 0.50 | 14
light.green          | 0.50 | 1.00  | 0.50 | 15
light.blue           | 0.50 | 0.50  | 1.00 | 16
light.violet         | 0.75 | 0.50  | 0.75 | 17
dark.red             | 0.50 | 0.00  | 0.00 | 18
brown                | 0.50 | 0.25  | 0.00 | 19
dark.yellow          | 0.50 | 0.50  | 0.00 | 20
dark.green           | 0.00 | 0.50  | 0.00 | 21
dark.blue            | 0.00 | 0.00  | 0.50 | 22
c23                  | 0.40 | 0.20  | 0.00 | 23
c26                  | 1.00 | 0.50  | 0.00 | 26
c27                  | 1.00 | 1.00  | 0.95 | 27
c28                  | 1.00 | 1.00  | 0.65 | 28
c31                  | 0.95 | 1.00  | 0.95 | 31
c35                  | 0.95 | 0.95  | 1.00 | 35
c36                  | 0.75 | 0.75  | 1.00 | 36
c43                  |0.    |0.0620 |1.0000| 43
c44                  |0.1250|0.     |1.0000| 44
c45                  |0.3120|0.     |1.0000| 45
c46                  |0.5000|0.     |1.0000| 46
c47                  |0.6880|0.     |1.0000| 47
c48                  |0.8750|0.     |1.0000| 48
c49                  |1.0000|0.     |0.9380| 49
c50                  |1.0000|0.     |0.7500| 50
c51                  |1.0000|0.     |0.5620| 51
c52                  |1.0000|0.     |0.3750| 52
c53                  |1.0000|0.     |0.1880| 53
magenta              | 1.00 | 0.50  | 1.00 | 54
very.dark.blue       | 0.00 | 0.00  | 0.30 | 55
black                | 0.00 | 0.00  | 0.00 | 56
white                | 1.00 | 1.00  | 1.00 | 57
c58                  |0.5   |0.5    |0.85  | 58
c59                  |1.00  |0.95   |0.95  | 59
c63                  |1.00  |0.80   |1.00  | 63
medium.red           |0.80  |0.0    |0.0   | 67
lighter.blue         | 0.75 | 0.94  | 1.00 | 68
light.brown          | 1.00 |  .60  |  .40 | 69
dark.violet          | 0.25 | 0.00  | 0.25 | 70
medium.brown         |0.68  |0.4    |0.0   | 71
lightest.red         | 1.00 | 0.85  | 0.85 | 72
c30f                 | 1.00 | 1.00  | 0.05 | 73
c34f                 | 0.05 | 1.00  | 0.05 | 74
c38f                 | 0.05 | 0.05  | 1.00 | 75
c62f                 |1.00  |0.05   |0.05  | 76
---------------------------------------------------------------------------
===========================================================================
----------------------    Plot Specification Table    ---------------------
===========================================================================
